31,48
31,102
33,24
33,20
31,101
31,100
31,99
31,98
31,128
31,63
31,59
31,58
31,97
31,96
31,95
31,62
31,54
31,94
33,23
31,93
31,92
31,91
33,22
33,16
33,21
31,90
31,89
33,18
31,61
31,88
31,60
31,49
31,87
33,19
31,86
31,56
31,55
31,85
31,84
31,83
31,82
31,81
31,80
33,13
31,79
31,57
31,51
31,78
31,77
33,17
31,76
31,75
31,74
31,46
31,45
31,53
31,6
31,73
31,72
33,15
33,5
31,71
31,70
31,69
33,14
31,68
31,67
31,66
33,11
31,65
31,64
31,52
31,50
31,7
31,8
31,47
31,32
31,31
31,44
33,12
31,43
31,42
31,41
31,40
31,39
31,38
33,9
31,37
31,36
31,35
31,34
31,33
33,10
31,24
31,22
31,30
31,29
33,8
33,4
31,28
31,27
31,26
33,7
33,6
31,25
31,23
31,21
31,5
31,4
31,20
31,19
31,18
31,17
31,16
31,15
31,14
31,13
31,12
31,11
31,10
31,9
71,5
71,4
71,3
71,2
71,1
71,0
70,4
70,3
70,2
70,1
70,0
69,3
69,2
69,1
69,0
68,5
68,4
68,3
68,2
68,1
68,0
67,4
67,3
67,2
67,1
67,0
66,3
66,2
66,1
66,0
65,5
65,4
65,3
65,2
65,1
65,0
64,3
64,2
64,1
64,0
63,4
63,3
63,2
63,1
63,0
14,9
62,5
62,4
62,3
62,2
62,1
62,0
14,8
61,4
61,3
61,2
61,1
61,0
60,3
60,2
60,1
60,0
14,7
59,5
59,4
59,3
59,2
59,1
59,0
58,4
58,3
58,2
58,1
58,0
57,3
57,2
57,1
57,0
56,4
56,3
56,2
56,1
56,0
55,4
55,3
55,2
55,1
55,0
54,3
54,2
54,1
54,0
53,5
53,4
53,3
53,2
53,1
53,0
52,4
52,3
52,2
52,1
52,0
51,3
51,2
51,1
51,0
50,4
50,3
50,2
50,1
50,0
49,3
49,2
49,1
49,0
48,4
48,3
48,2
48,1
48,0
47,3
47,2
47,1
47,0
46,5
46,4
46,3
46,2
46,1
46,0
45,4
45,3
45,2
45,1
45,0
44,3
44,2
44,1
44,0
43,5
43,4
43,3
43,2
43,1
43,0
14,6
14,5
14,4
42,4
42,3
42,2
42,1
42,0
41,3
41,2
41,1
41,0
40,4
40,3
40,2
40,1
40,0
39,4
39,3
39,2
39,1
39,0
38,4
38,3
38,2
38,1
38,0
37,3
37,2
37,1
37,0
36,5
